秋意：

HEX

#D59701

#E9CAA6

#1A6975

RGB

213,151,1

233,202,166

26,105,117

CMYK

22,47,98,0

11,25,36,0

87,55,51,4


PORTER2022.8封面杂志

HEX

#013E29

#B1976B

#FFFFFF

RG8

1,62,41

177,151,107

255,255,255

CMYK

92,62,91,44

38,42.62,0

0,0,0,0




少女与鲜花

HEX

#091C60

#F82239

#096754

RGB

9,28,96

248,34,57

9,103,84

CMYK

100,100,56,10

0,93,72,0

88,51,74,11




石溪

HEX

#E77F2A

#053610

#FFDDC3

RGB

231,127,42

5,54,16

255,221,195

CMYK

11,62,86,0

91,64,100,51

0,19,24,0




自然分割线

HEX

#E0D03E

#0F80B2

#729955

RGB

224,208,62

15,128,178

114,153,85

CMYK

20,17,82,0

82,43,20,0

63,30,79,0




少女独角兽

HEX

#FCDE03

#D9D2E4

#4C5B34

RGB

252,222,3

217,210,228

76,91,52

CMYK

7,14,88,0

18,19,4,0

74,57,91,22




加勒比安提瓜

HEX

#204F71

#9F9C9A

#F3F3F3

RGB

32,79,113

159,156,154

243,243,243

CMYK

91,72,44,6

44,37,35,0

6,4,4,0




黄昏与闪电

HEX

#3C4876

#E38D38

#51435A

RGB

60,72,118

227,141,56

81,67,90

CMYK

86,79,38,2

14,55,82,0

76,78,53,16