["八坂神奈子", [6, 0, 0], [3, 0, 0], "你可以将本回合内获得的下一张信仰牌置入手中", [[]], 0, 4, 1, 0]
["东风谷早苗", [2, 0, 0], [0, 0, 0], "宣言一个卡名，抓一张牌并确认，若与宣言的卡名相符，则★★", [[]], 0, 1, 1, 0]
["泄矢诹访子", [7, 0, 0], [0, 0, 0], "获得任一中央牌堆顶的一张信仰牌\n通念：可以将这张牌放置在你的牌堆顶", [[]], 0, 5, 1, 0]
["妖怪参拜客", [2, 0, 0], [1, 0, 0], "通念：★", [[]], 0, 1, 3, 0]
["早苗毛玉", [2, 0, 0], [0, 0, 0], "捕获：抓一张牌", [[]], 0, 1, 4, 2]
["嗔怒的巨蛇", [4, 0, 2], [0, 0, 0], "你可以从手牌或弃牌堆放逐至多2张牌，然后将等量的“教徒”放置在你的牌堆顶", [[]], 0, 3, 2, 2]
["鸟居", [4, 2, 0], [2, 0, 0], "", [[]], 0, 3, 2, 1]
["神奈子的御柱", [4, 0, 0], [0, 0, 0], "奇迹：每位玩家可以获得一张“教徒”并将它放置在各自的牌堆顶\n每回合你获得的首张信仰可以放置在牌堆顶", [[]], 0, 2, 1, 1]
next place:
["村纱水蜜", [2, 4, 0], [0, 0, 0], "抓2张牌，然后你可以摧毁你设施区内的任意张设施牌，再摸等量的牌", [[]], 1, 3, 1, 0]
["多多良小伞", [1, 2, 0], [0, 2, 0], "你可以从手牌或弃牌堆放逐一张牌", [[]], 1, 1, 1, 0]
["纳兹琳", [2, 2, 0], [0, 2, 0], "本回合你获得的下一张信仰设施可以直接放入你的设施区", [[]], 1, 2, 1, 0]
["圣白莲", [8, 0, 0], [4, 0, 0], "通念：本回合你的信仰可以支付钱币以及食物的费用", [[]], 1, 5, 1, 0]
["妖怪僧侣", [5, 0, 0], [2, 0, 0], "通念：◎◎", [[]], 1, 3, 3, 0]
["寅丸星", [2, 2, 0], [0, 2, 0], "你可以摧毁你的设施区中的一张设施牌，然后再◎◎", [[]], 1, 2, 1, 0]
["幽谷响子", [2, 2, 0], [0, 0, 0], "复制你本回合打出的另一张信仰角色牌的效果", [[]], 1, 2, 1, 0]
["云居一轮&云山", [4, 1, 0], [0, 0, 0], "奇迹：每位玩家将各自的弃牌堆洗回其牌库\n放逐任一中央牌堆顶的一张牌，若为设施牌，则★★★", [[]], 1, 3, 1, 0]
["激光宝塔", [2, 3, 0], [0, 0, 0], "摧毁这张牌，◎◎◎", [[]], 1, 3, 1, 1]
["金属探测器", [1, 2, 0], [0, 0, 0], "每回合一次，查看你的牌库顶：若为设施牌，则置入你的手中，否则你可以将它置入弃牌堆", [[]], 1, 2, 2, 1]
["魔界卷轴", [3, 2, 0], [0, 0, 0], "每回合一次：如果你在本回合已打出至少两张信仰牌，则可以从你的弃牌堆将一张设施牌置入你的设施区", [[]], 1, 3, 1, 1]
["业障化身", [6, 0, 0], [0, 0, 0], "奖励：从每位对手的手牌中各抽取一张加入你的手牌。回合结束时，这些牌从任何区域置入原持有者的弃牌堆", [[]], 1, 4, 1, 2]
next place:
["丰聪耳神子", [4, 0, 3], [0, 0, 0], "抓一张牌\n本回合你首次打出的每种人间之里牌产出翻倍", [[]], 2, 5, 1, 0]
["宫古芳香", [1, 0, 2], [0, 0, 2], "本回合你下一次退治妖怪时，抓一张牌", [[]], 2, 1, 1, 0]
["霍青娥", [4, 0, 1], [0, 0, 0], "通念：你可以从手牌或弃牌堆放逐一张牌", [[]], 2, 3, 1, 0]
["苏我屠自古", [3, 0, 0], [2, 0, 0], "你可以从手牌或弃牌堆放逐一张牌", [[]], 2, 1, 1, 0]
["物部布都", [3, 0, 2], [0, 0, 0], "奇迹：每人可以从各自的手牌或弃牌堆放逐一张牌\n抓3张牌，然后弃两张牌或者一张信仰牌", [[]], 2, 3, 1, 0]
["先贤之灵", [5, 0, 0], [2, 0, 0], "通念：♨♨", [[]], 2, 3, 3, 0]
["僵尸符", [4, 0, 0], [0, 0, 1], "每回合一次：♨♨♨->★★", [[]], 2, 2, 2, 1]
["神子的", [6, 0, 0], [0, 0, 0], "每回合一次：抓一张牌", [[]], 2, 4, 1, 1]
["欲灵", [3, 0, 0], [0, 0, 2], "捕获：你可以从手牌或弃牌堆放逐一张牌", [[]], 2, 1, 3, 2]
next place:
["博丽灵梦", [6, 0, 0], [0, 0, 0], "此牌的★费用可以用◎来支付\n退治任一妖怪\n克制", [[]], 3, 4, 1, 0]
["茨木华扇", [4, 0, 1], [0, 0, 0], "★★★/◎◎◎\n通念：你可以从手牌或弃牌堆放逐一张牌", [[]], 3, 3, 1, 0]
["高丽野阿哞", [3, 0, 0], [1, 0, 0], "本回合你获得的下一张信仰放置在牌堆顶\n迂返", [[]], 3, 1, 1, 0]
["伊吹萃香", [0, 0, 6], [0, 0, 4], "你可以从手牌或弃牌堆放逐一张牌", [[]], 3, 3, 1, 0]
["依神紫苑", [4, 1, 0], [3, 0, 0], "通念：本回合你的◎可以支付★", [[]], 3, 3, 1, 0]
["依神女苑", [1, 4, 0], [0, 3, 0], "通念：本回合你的★可以支付◎", [[]], 3, 3, 1, 0]
["雷兽务光", [2, 0, 2], [0, 3, 0], "", [[]], 3, 2, 3, 2]
["青龙黄帝", [3, 0, 3], [0, 2, 0], "并抓2张牌", [[]], 3, 3, 2, 2]
["萃香的酒壶", [0, 0, 4], [0, 0, 1], "每回合一次：♨♨♨->◎◎", [[]], 3, 2, 2, 1]
["赛钱箱", [3, 0, 0], [0, 0, 0], "当你打出本回合首张信仰牌时：◎\n当你本回合首次退治妖怪时：◎", [[]], 3, 1, 2, 1]
next place:
["八意永琳", [0, 4, 2], [0, 1, 0], "并抓一张牌\n迂返", [[]], 4, 4, 1, 0]
["铃仙 优昙华院 因幡", [0, 2, 3], [0, 0, 0], "复制你本回合打出的另一张角色牌的效果", [[]], 4, 3, 1, 0]
["蓬莱山辉夜", [5, 0, 1], [0, 0, 0], "查看你的牌堆顶的五张牌：选择其中一张放逐或置入手中，其余按任意顺序放回\n迂返", [[]], 4, 4, 1, 0]
["妖怪兔", [0, 0, 3], [0, 1, 1], "迂返", [[]], 4, 1, 3, 0]
["药物试用人", [0, 0, 1], [0, 0, 3], "消逝", [[]], 4, 1, 3, 0]
["因幡帝", [2, 1, 2], [1, 1, 1], "奇迹：每人抓一张牌", [[]], 4, 3, 1, 0]
["蓬莱玉枝", [2, 2, 0], [0, 0, 0], "每回合：产出任意一点资源", [[]], 4, 2, 2, 1]
["永琳的药壶", [0, 3, 0], [0, 0, 0], "摧毁此牌：然后你可以从手牌或弃牌堆放逐一张牌", [[]], 4, 1, 1, 1]
["月之走廊", [5, 0, 0], [0, 0, 0], "你的回合内：每当一张角色牌被放逐时，将它置于此卡上，然后若此卡上有至少五张牌，则摧毁此卡，将其中一张置入手中，其余的置入放逐区", [[]], 4, 3, 1, 1]
next place:
["白楼剑", [0, 3, 0], [0, 0, 1], "", [[]], 5, 1, 1, 1]
["楼观剑", [0, 4, 0], [0, 0, 1], "若你的设施区有“白楼剑”：♨", [[]], 5, 2, 1, 1]
["庭院", [0, 4, 0], [0, 0, 0], "摧毁此卡：◎◎", [[]], 5, 2, 2, 1]
["幽幽子的折扇", [3, 2, 2], [0, 0, 1], "每回合一次：观看任一中央牌堆顶的三张牌，然后以任意顺序放回", [[]], 5, 4, 1, 1]
["魂魄妖梦", [0, 2, 1], [0, 0, 2], "你可以从手牌中弃一张牌，然后：◎◎", [[]], 5, 2, 1, 0]
["西行寺幽幽子", [0, 0, 5], [0, 0, 0], "抓2张牌,然后你可以从手牌或弃牌堆放逐一张牌", [[]], 5, 3, 1, 0]
["转世之灵", [1, 0, 0], [0, 3, 0], "消逝", [[]], 5, 1, 3, 0]
["迷途之灵", [3, 0, 0], [0, 0, 0], "你可以放逐中央牌堆一张牌，你也可以从手牌或弃牌堆放逐一张牌", [[]], 5, 1, 3, 2]
["西行妖", [6, 0, 0], [0, 0, 4], "奇迹：在每个中央牌堆衍生一张“西行妖花瓣", [[]], 5, 4, 1, 2]
next place:
["爱丽丝 玛格特罗依德", [0, 6, 0], [0, 0, 0], "抓2张牌，如果你本回合打出了人间之里牌，则你可以从手牌或弃牌堆放逐一张牌", [[]], 6, 4, 1, 0]
["魔法使", [0, 5, 0], [0, 0, 0], "抓2张牌", [[]], 6, 3, 2, 0]
["蓬莱人形", [0, 3, 0], [0, 1, 0], "抓一张牌", [[]], 6, 1, 1, 0]
["上海人形", [0, 3, 0], [0, 0, 1], "抓一张牌", [[]], 6, 1, 1, 0]
["矢田寺成美", [4, 2, 0], [1, 0, 0], "抓一张牌", [[]], 6, 4, 1, 0]
["雾雨魔理沙", [0, 2, 1], [0, 0, 0], "获得角色3（费用不高于3的角色）", [[]], 6, 1, 1, 0]
["八卦炉", [0, 5, 0], [0, 0, 0], "摧毁此牌：然后你可以从手牌或弃牌堆放逐一张牌，也可以放逐中央牌堆顶一张妖怪牌", [[]], 6, 3, 1, 1]
["歌利亚人形", [0, 6, 0], [0, 1, 1], "", [[]], 6, 3, 1, 1]
["森林木屋", [0, 4, 0], [0, 0, 0], "每回合一次：弃一张牌，然后◎◎", [[]], 6, 2, 2, 1]
["恶作剧妖精", [0, 0, 2], [0, 1, 0], "捕获:◎", [[]], 6, 1, 4, 2]
next place:
["恶鬼", [0, 0, 5], [0, 0, 0], "每位对手选择其设施区内的一张设施，然后摧毁其他设施，若其只有一张设施，则直接摧毁之", [[]], 7, 3, 2, 2]
["染火的怨灵", [3, 0, 0], [0, 2, 0], "你的退治区每有一张“染火的怨灵”，便再◎", [[]], 7, 1, 4, 2]
["古明地觉", [0, 3, 1], [0, 0, 0], "展示每位玩家的牌堆顶，并复制其中一张角色牌的效果，然后你可以将被复制者置入所有者的弃牌堆", [[]], 7, 2, 1, 0]
["古明地恋", [0, 0, 5], [0, 0, 0], "选择任一中央牌堆顶一张牌:随机放逐此卡与这张牌中的一张，另一张置入你的弃牌堆", [[]], 7, 2, 1, 0]
["火焰猫燐", [0, 0, 3], [0, 0, 0], "选择你的弃牌堆中一张角色牌：放逐，或将它放置在牌堆顶", [[]], 7, 2, 1, 0]
["灵乌路空", [0, 0, 6], [0, 0, 3], "你可以从手牌放逐至多2张牌，获得两倍放逐数量的♨", [[]], 7, 4, 1, 0]
["怨灵", [0, 3, 0], [0, 0, 0], "抓一张牌\n你可以从手牌或弃牌堆放逐一张牌", [[]], 7, 1, 3, 0]
["核熔炉", [0, 8, 0], [0, 0, 0], "每回合一次：你的设施区每有一个设施，便◎", [[]], 7, 6, 1, 1]
["温泉", [0, 5, 2], [0, 0, 3], "", [[]], 7, 5, 1, 1]
next place:
["芙兰朵露 斯卡雷特", [0, 0, 4], [0, 0, 0], "获得设施4/退治妖怪4（费用不高于4）\n克制", [[]], 8, 2, 1, 0]
["红美玲", [0, 1, 2], [0, 0, 2], "巧手：抓一张牌", [[]], 8, 1, 1, 0]
["蕾米莉亚 斯卡雷特", [0, 3, 4], [0, 0, 3], "本回合每次你退治妖怪时，可以从任一中央牌堆顶获得一张牌，其费用不高于被你退治的妖怪的费用", [[]], 8, 4, 1, 0]
["帕秋莉 诺雷姬", [0, 7, 0], [0, 0, 0], "抓3张牌\n巧手：将一张人间之里牌置入手中", [[]], 8, 4, 1, 0]
["十六夜咲夜", [0, 3, 2], [0, 0, 0], "产出三点费用：为◎与♨的任意组合\n巧手：可以放逐此牌，然后在本回合结束后进行一个额外的回合", [[]], 8, 3, 1, 0]
["小恶魔", [0, 3, 0], [0, 0, 0], "你可以从手牌或弃牌堆放逐一张牌，然后获得一张人间之里牌", [[]], 8, 1, 3, 0]
["冈格尼尔", [0, 0, 5], [0, 0, 0], "摧毁此牌：本回合你可以从放逐区退治一个妖怪", [[]], 8, 3, 1, 1]
["图书馆", [0, 6, 0], [0, 0, 0], "每回合：◎/♨\n（此卡的分数为你拥有的所有牌数（包括退治区）除以5（向下取整））", [[]], 8, 0, 1, 1]
["洋馆", [0, 5, 0], [0, 1, 0], "每回合你首次获得设施牌时减少◎消耗", [[]], 8, 3, 2, 1]
["贪吃老鼠", [0, 0, 3], [0, 2, 0], "捕获:从每位对手的设施区摧毁一个设施", [[]], 8, 1, 3, 2]
next place:
["夜路灵视", [3, 0, 0], [0, 1, 0], "捕获:◎", [[]], 9, 1, 3, 2]
["战死之灵", [3, 0, 0], [0, 0, 1], "捕获:♨", [[]], 9, 1, 3, 2]
["拦路小鬼", [0, 3, 0], [1, 0, 0], "捕获:★", [[]], 9, 1, 3, 2]
["野狼", [0, 3, 0], [0, 0, 1], "捕获:♨", [[]], 9, 1, 3, 2]
["毛玉", [0, 0, 3], [0, 1, 0], "捕获:◎", [[]], 9, 1, 3, 2]
["闲逛小鬼", [0, 0, 3], [1, 0, 0], "捕获:★", [[]], 9, 1, 3, 2]
["毛玉王", [0, 0, 7], [0, 0, 0], "奖励：你可以从任一牌堆获得一张牌或者退治一个妖怪\n不毁（此卡不能被放逐）", [[]], 9, 4, 1, 2]
next place:
