["\u516b\u5742\u795e\u5948\u5b50", [6, 0, 0], [3, 0, 0], "\u4f60\u53ef\u4ee5\u5c06\u672c\u56de\u5408\u5185\u83b7\u5f97\u7684\u4e0b\u4e00\u5f20\u4fe1\u4ef0\u724c\u7f6e\u5165\u624b\u4e2d", [[9]], 0, 4, 1, 0]
["\u4e1c\u98ce\u8c37\u65e9\u82d7", [2, 0, 0], [0, 0, 0], "\u5ba3\u8a00\u4e00\u4e2a\u5361\u540d\uff0c\u6293\u4e00\u5f20\u724c\u5e76\u786e\u8ba4\uff0c\u82e5\u4e0e\u5ba3\u8a00\u7684\u5361\u540d\u76f8\u7b26\uff0c\u5219\u2605\u2605", [[11]], 0, 1, 1, 0]
["\u6cc4\u77e2\u8bf9\u8bbf\u5b50", [7, 0, 0], [0, 0, 0], "\u83b7\u5f97\u4efb\u4e00\u4e2d\u592e\u724c\u5806\u9876\u7684\u4e00\u5f20\u4fe1\u4ef0\u724c\n\u901a\u5ff5\uff1a\u53ef\u4ee5\u5c06\u8fd9\u5f20\u724c\u653e\u7f6e\u5728\u4f60\u7684\u724c\u5806\u9876", [[12]], 0, 5, 1, 0]
["\u5996\u602a\u53c2\u62dc\u5ba2", [2, 0, 0], [1, 0, 0], "\u901a\u5ff5\uff1a\u2605", [[7,0]], 0, 1, 3, 0]
["\u65e9\u82d7\u6bdb\u7389", [2, 0, 0], [0, 0, 0], "\u6355\u83b7\uff1a\u6293\u4e00\u5f20\u724c", [[3]], 0, 1, 4, 2]
["\u55d4\u6012\u7684\u5de8\u86c7", [4, 0, 2], [0, 0, 0], "\u4f60\u53ef\u4ee5\u4ece\u624b\u724c\u6216\u5f03\u724c\u5806\u653e\u9010\u81f3\u591a2\u5f20\u724c\uff0c\u7136\u540e\u5c06\u7b49\u91cf\u7684\u201c\u6559\u5f92\u201d\u653e\u7f6e\u5728\u4f60\u7684\u724c\u5806\u9876", [[],[13]], 0, 3, 2, 2]
["\u9e1f\u5c45", [4, 2, 0], [2, 0, 0], "", [[]], 0, 3, 2, 1]
["\u795e\u5948\u5b50\u7684\u5fa1\u67f1", [4, 0, 0], [0, 0, 0], "\u5947\u8ff9\uff1a\u6bcf\u4f4d\u73a9\u5bb6\u53ef\u4ee5\u83b7\u5f97\u4e00\u5f20\u201c\u6559\u5f92\u201d\u5e76\u5c06\u5b83\u653e\u7f6e\u5728\u5404\u81ea\u7684\u724c\u5806\u9876\n\u6bcf\u56de\u5408\u4f60\u83b7\u5f97\u7684\u9996\u5f20\u4fe1\u4ef0\u53ef\u4ee5\u653e\u7f6e\u5728\u724c\u5806\u9876", [[],1,5], 0, 2, 1, 1]
next place:
["\u6751\u7eb1\u6c34\u871c", [2, 4, 0], [0, 0, 0], "\u62932\u5f20\u724c\uff0c\u7136\u540e\u4f60\u53ef\u4ee5\u6467\u6bc1\u4f60\u8bbe\u65bd\u533a\u5185\u7684\u4efb\u610f\u5f20\u8bbe\u65bd\u724c\uff0c\u518d\u6478\u7b49\u91cf\u7684\u724c", [[4,14]], 1, 3, 1, 0]
["\u591a\u591a\u826f\u5c0f\u4f1e", [1, 2, 0], [0, 2, 0], "\u4f60\u53ef\u4ee5\u4ece\u624b\u724c\u6216\u5f03\u724c\u5806\u653e\u9010\u4e00\u5f20\u724c", [[6]], 1, 1, 1, 0]
["\u7eb3\u5179\u7433", [2, 2, 0], [0, 2, 0], "\u672c\u56de\u5408\u4f60\u83b7\u5f97\u7684\u4e0b\u4e00\u5f20\u4fe1\u4ef0\u8bbe\u65bd\u53ef\u4ee5\u76f4\u63a5\u653e\u5165\u4f60\u7684\u8bbe\u65bd\u533a", [[9]], 1, 2, 1, 0]
["\u5723\u767d\u83b2", [8, 0, 0], [4, 0, 0], "\u901a\u5ff5\uff1a\u672c\u56de\u5408\u4f60\u7684\u4fe1\u4ef0\u53ef\u4ee5\u652f\u4ed8\u94b1\u5e01\u4ee5\u53ca\u98df\u7269\u7684\u8d39\u7528", [[7,9]], 1, 5, 1, 0]
["\u5996\u602a\u50e7\u4fa3", [5, 0, 0], [2, 0, 0], "\u901a\u5ff5\uff1a\u25ce\u25ce", [[7,1,1]], 1, 3, 3, 0]
["\u5bc5\u4e38\u661f", [2, 2, 0], [0, 2, 0], "\u4f60\u53ef\u4ee5\u6467\u6bc1\u4f60\u7684\u8bbe\u65bd\u533a\u4e2d\u7684\u4e00\u5f20\u8bbe\u65bd\u724c\uff0c\u7136\u540e\u518d\u25ce\u25ce", [[15,1,1]], 1, 2, 1, 0]
["\u5e7d\u8c37\u54cd\u5b50", [2, 2, 0], [0, 0, 0], "\u590d\u5236\u4f60\u672c\u56de\u5408\u6253\u51fa\u7684\u53e6\u4e00\u5f20\u4fe1\u4ef0\u89d2\u8272\u724c\u7684\u6548\u679c", [[16],4], 1, 2, 1, 0]
["\u4e91\u5c45\u4e00\u8f6e&\u4e91\u5c71", [4, 1, 0], [0, 0, 0], "\u5947\u8ff9\uff1a\u6bcf\u4f4d\u73a9\u5bb6\u5c06\u5404\u81ea\u7684\u5f03\u724c\u5806\u6d17\u56de\u5176\u724c\u5e93\n\u653e\u9010\u4efb\u4e00\u4e2d\u592e\u724c\u5806\u9876\u7684\u4e00\u5f20\u724c\uff0c\u82e5\u4e3a\u8bbe\u65bd\u724c\uff0c\u5219\u2605\u2605\u2605", [[17],5], 1, 3, 1, 0]
["\u6fc0\u5149\u5b9d\u5854", [2, 3, 0], [0, 0, 0], "\u6467\u6bc1\u8fd9\u5f20\u724c\uff0c\u25ce\u25ce\u25ce", [[10,1,1,1],5], 1, 3, 1, 1]
["\u91d1\u5c5e\u63a2\u6d4b\u5668", [1, 2, 0], [0, 0, 0], "\u6bcf\u56de\u5408\u4e00\u6b21\uff0c\u67e5\u770b\u4f60\u7684\u724c\u5e93\u9876\uff1a\u82e5\u4e3a\u8bbe\u65bd\u724c\uff0c\u5219\u7f6e\u5165\u4f60\u7684\u624b\u4e2d\uff0c\u5426\u5219\u4f60\u53ef\u4ee5\u5c06\u5b83\u7f6e\u5165\u5f03\u724c\u5806", [[18]], 1, 2, 2, 1]
["\u9b54\u754c\u5377\u8f74", [3, 2, 0], [0, 0, 0], "\u6bcf\u56de\u5408\u4e00\u6b21\uff1a\u5982\u679c\u4f60\u5728\u672c\u56de\u5408\u5df2\u6253\u51fa\u81f3\u5c11\u4e24\u5f20\u4fe1\u4ef0\u724c\uff0c\u5219\u53ef\u4ee5\u4ece\u4f60\u7684\u5f03\u724c\u5806\u5c06\u4e00\u5f20\u8bbe\u65bd\u724c\u7f6e\u5165\u4f60\u7684\u8bbe\u65bd\u533a", [[19]], 1, 3, 1, 1]
["\u4e1a\u969c\u5316\u8eab", [6, 0, 0], [0, 0, 0], "\u5956\u52b1\uff1a\u4ece\u6bcf\u4f4d\u5bf9\u624b\u7684\u624b\u724c\u4e2d\u5404\u62bd\u53d6\u4e00\u5f20\u52a0\u5165\u4f60\u7684\u624b\u724c\u3002\u56de\u5408\u7ed3\u675f\u65f6\uff0c\u8fd9\u4e9b\u724c\u4ece\u4efb\u4f55\u533a\u57df\u7f6e\u5165\u539f\u6301\u6709\u8005\u7684\u5f03\u724c\u5806", [[],[20]], 1, 4, 1, 2]
next place:
["\u4e30\u806a\u8033\u795e\u5b50", [4, 0, 3], [0, 0, 0], "\u6293\u4e00\u5f20\u724c\n\u672c\u56de\u5408\u4f60\u9996\u6b21\u6253\u51fa\u7684\u6bcf\u79cd\u4eba\u95f4\u4e4b\u91cc\u724c\u4ea7\u51fa\u7ffb\u500d", [[3,9]], 2, 5, 1, 0]
["\u5bab\u53e4\u82b3\u9999", [1, 0, 2], [0, 0, 2], "\u672c\u56de\u5408\u4f60\u4e0b\u4e00\u6b21\u9000\u6cbb\u5996\u602a\u65f6\uff0c\u6293\u4e00\u5f20\u724c", [[9]], 2, 1, 1, 0]
["\u970d\u9752\u5a25", [4, 0, 1], [0, 0, 0], "\u901a\u5ff5\uff1a\u4f60\u53ef\u4ee5\u4ece\u624b\u724c\u6216\u5f03\u724c\u5806\u653e\u9010\u4e00\u5f20\u724c", [[4,7,6]], 2, 3, 1, 0]
["\u82cf\u6211\u5c60\u81ea\u53e4", [3, 0, 0], [2, 0, 0], "\u4f60\u53ef\u4ee5\u4ece\u624b\u724c\u6216\u5f03\u724c\u5806\u653e\u9010\u4e00\u5f20\u724c", [[6]], 2, 1, 1, 0]
["\u7269\u90e8\u5e03\u90fd", [3, 0, 2], [0, 0, 0], "\u5947\u8ff9\uff1a\u6bcf\u4eba\u53ef\u4ee5\u4ece\u5404\u81ea\u7684\u624b\u724c\u6216\u5f03\u724c\u5806\u653e\u9010\u4e00\u5f20\u724c\n\u62933\u5f20\u724c\uff0c\u7136\u540e\u5f03\u4e24\u5f20\u724c\u6216\u8005\u4e00\u5f20\u4fe1\u4ef0\u724c", [[5,21],5], 2, 3, 1, 0]
["\u5148\u8d24\u4e4b\u7075", [5, 0, 0], [2, 0, 0], "\u901a\u5ff5\uff1a\u2668\u2668", [[7,2,2]], 2, 3, 3, 0]
["\u50f5\u5c38\u7b26", [4, 0, 0], [0, 0, 1], "\u6bcf\u56de\u5408\u4e00\u6b21\uff1a\u2668\u2668\u2668->\u2605\u2605", [[22]], 2, 2, 2, 1]
["\u795e\u5b50\u7684\u82b4\u677f", [6, 0, 0], [0, 0, 0], "\u6bcf\u56de\u5408\u4e00\u6b21\uff1a\u6293\u4e00\u5f20\u724c", [[3]], 2, 4, 1, 1]
["\u6b32\u7075", [3, 0, 0], [0, 0, 2], "\u6355\u83b7\uff1a\u4f60\u53ef\u4ee5\u4ece\u624b\u724c\u6216\u5f03\u724c\u5806\u653e\u9010\u4e00\u5f20\u724c", [[6]], 2, 1, 3, 2]
next place:
["\u535a\u4e3d\u7075\u68a6", [6, 0, 0], [0, 0, 0], "\u6b64\u724c\u7684\u2605\u8d39\u7528\u53ef\u4ee5\u7528\u25ce\u6765\u652f\u4ed8\n\u9000\u6cbb\u4efb\u4e00\u5996\u602a\n\u514b\u5236", [[23],4], 3, 4, 1, 0]
["\u8328\u6728\u534e\u6247", [4, 0, 1], [0, 0, 0], "\u2605\u2605\u2605/\u25ce\u25ce\u25ce\n\u901a\u5ff5\uff1a\u4f60\u53ef\u4ee5\u4ece\u624b\u724c\u6216\u5f03\u724c\u5806\u653e\u9010\u4e00\u5f20\u724c", [[24,7,6]], 3, 3, 1, 0]
["\u9ad8\u4e3d\u91ce\u963f\u54de", [3, 0, 0], [1, 0, 0], "\u672c\u56de\u5408\u4f60\u83b7\u5f97\u7684\u4e0b\u4e00\u5f20\u4fe1\u4ef0\u653e\u7f6e\u5728\u724c\u5806\u9876\n\u8fc2\u8fd4", [[9],3], 3, 1, 1, 0]
["\u4f0a\u5439\u8403\u9999", [0, 0, 6], [0, 0, 4], "\u4f60\u53ef\u4ee5\u4ece\u624b\u724c\u6216\u5f03\u724c\u5806\u653e\u9010\u4e00\u5f20\u724c", [[6]], 3, 3, 1, 0]
["\u4f9d\u795e\u7d2b\u82d1", [4, 1, 0], [3, 0, 0], "\u901a\u5ff5\uff1a\u672c\u56de\u5408\u4f60\u7684\u25ce\u53ef\u4ee5\u652f\u4ed8\u2605", [[7,9]], 3, 3, 1, 0]
["\u4f9d\u795e\u5973\u82d1", [1, 4, 0], [0, 3, 0], "\u901a\u5ff5\uff1a\u672c\u56de\u5408\u4f60\u7684\u2605\u53ef\u4ee5\u652f\u4ed8\u25ce", [[7,9]], 3, 3, 1, 0]
["\u96f7\u517d\u52a1\u5149", [2, 0, 2], [0, 3, 0], "", [[]], 3, 2, 3, 2]
["\u9752\u9f99\u9ec4\u5e1d", [3, 0, 3], [0, 2, 0], "\u5e76\u62932\u5f20\u724c", [[],[4]], 3, 3, 2, 2]
["\u8403\u9999\u7684\u9152\u58f6", [0, 0, 4], [0, 0, 1], "\u6bcf\u56de\u5408\u4e00\u6b21\uff1a\u2668\u2668\u2668->\u25ce\u25ce", [[25]], 3, 2, 2, 1]
["\u8d5b\u94b1\u7bb1", [3, 0, 0], [0, 0, 0], "\u5f53\u4f60\u6253\u51fa\u672c\u56de\u5408\u9996\u5f20\u4fe1\u4ef0\u724c\u65f6\uff1a\u25ce\n\u5f53\u4f60\u672c\u56de\u5408\u9996\u6b21\u9000\u6cbb\u5996\u602a\u65f6\uff1a\u25ce", [[],1], 3, 1, 2, 1]
next place:
["\u516b\u610f\u6c38\u7433", [0, 4, 2], [0, 1, 0], "\u5e76\u6293\u4e00\u5f20\u724c\n\u8fc2\u8fd4", [[3],3], 4, 4, 1, 0]
["\u94c3\u4ed9 \u4f18\u6619\u534e\u9662 \u56e0\u5e61", [0, 2, 3], [0, 0, 0], "\u590d\u5236\u4f60\u672c\u56de\u5408\u6253\u51fa\u7684\u53e6\u4e00\u5f20\u89d2\u8272\u724c\u7684\u6548\u679c", [[26]], 4, 3, 1, 0]
["\u84ec\u83b1\u5c71\u8f89\u591c", [5, 0, 1], [0, 0, 0], "\u67e5\u770b\u4f60\u7684\u724c\u5806\u9876\u7684\u4e94\u5f20\u724c\uff1a\u9009\u62e9\u5176\u4e2d\u4e00\u5f20\u653e\u9010\u6216\u7f6e\u5165\u624b\u4e2d\uff0c\u5176\u4f59\u6309\u4efb\u610f\u987a\u5e8f\u653e\u56de\n\u8fc2\u8fd4", [[27],3], 4, 4, 1, 0]
["\u5996\u602a\u5154", [0, 0, 3], [0, 1, 1], "\u8fc2\u8fd4", [[],3], 4, 1, 3, 0]
["\u836f\u7269\u8bd5\u7528\u4eba", [0, 0, 1], [0, 0, 3], "\u6d88\u901d", [[53]], 4, 1, 3, 0]
["\u56e0\u5e61\u5e1d", [2, 1, 2], [1, 1, 1], "\u5947\u8ff9\uff1a\u6bcf\u4eba\u6293\u4e00\u5f20\u724c", [[],3,5], 4, 3, 1, 0]
["\u84ec\u83b1\u7389\u679d", [2, 2, 0], [0, 0, 0], "\u6bcf\u56de\u5408\uff1a\u4ea7\u51fa\u4efb\u610f\u4e00\u70b9\u8d44\u6e90", [[28]], 4, 2, 2, 1]
["\u6c38\u7433\u7684\u836f\u58f6", [0, 3, 0], [0, 0, 0], "\u6467\u6bc1\u6b64\u724c\uff1a\u7136\u540e\u4f60\u53ef\u4ee5\u4ece\u624b\u724c\u6216\u5f03\u724c\u5806\u653e\u9010\u4e00\u5f20\u724c", [[6,10]], 4, 1, 1, 1]
["\u6708\u4e4b\u8d70\u5eca", [5, 0, 0], [1, 0, 0], "\u4f60\u7684\u56de\u5408\u5185\uff1a\u6bcf\u5f53\u4e00\u5f20\u89d2\u8272\u724c\u88ab\u653e\u9010\u65f6\uff0c\u5c06\u5b83\u7f6e\u4e8e\u6b64\u5361\u4e0a\uff0c\u7136\u540e\u82e5\u6b64\u5361\u4e0a\u6709\u81f3\u5c11\u4e94\u5f20\u724c\uff0c\u5219\u6467\u6bc1\u6b64\u5361\uff0c\u5c06\u5176\u4e2d\u4e00\u5f20\u7f6e\u5165\u624b\u4e2d\uff0c\u5176\u4f59\u7684\u7f6e\u5165\u653e\u9010\u533a", [[],1], 4, 3, 1, 1]
next place:
["\u767d\u697c\u5251", [0, 3, 0], [0, 0, 1], "", [[]], 5, 1, 1, 1]
["\u697c\u89c2\u5251", [0, 4, 0], [0, 0, 1], "\u82e5\u4f60\u7684\u8bbe\u65bd\u533a\u6709\u201c\u767d\u697c\u5251\u201d\uff1a\u2668", [[29]], 5, 2, 1, 1]
["\u5ead\u9662", [0, 4, 0], [0, 0, 0], "\u6467\u6bc1\u6b64\u5361\uff1a\u25ce\u25ce", [[10,1,1]], 5, 2, 2, 1]
["\u5e7d\u5e7d\u5b50\u7684\u6298\u6247", [3, 2, 2], [0, 0, 1], "\u6bcf\u56de\u5408\u4e00\u6b21\uff1a\u89c2\u770b\u4efb\u4e00\u4e2d\u592e\u724c\u5806\u9876\u7684\u4e09\u5f20\u724c\uff0c\u7136\u540e\u4ee5\u4efb\u610f\u987a\u5e8f\u653e\u56de", [[30]], 5, 4, 1, 1]
["\u9b42\u9b44\u5996\u68a6", [0, 2, 1], [0, 0, 2], "\u4f60\u53ef\u4ee5\u4ece\u624b\u724c\u4e2d\u5f03\u4e00\u5f20\u724c\uff0c\u7136\u540e\uff1a\u25ce\u25ce", [[31,1,1]], 5, 2, 1, 0]
["\u897f\u884c\u5bfa\u5e7d\u5e7d\u5b50", [0, 0, 5], [0, 0, 0], "\u62932\u5f20\u724c,\u7136\u540e\u4f60\u53ef\u4ee5\u4ece\u624b\u724c\u6216\u5f03\u724c\u5806\u653e\u9010\u4e00\u5f20\u724c", [[4,32]], 5, 3, 1, 0]
["\u8f6c\u4e16\u4e4b\u7075", [1, 0, 0], [0, 3, 0], "\u6d88\u901d", [[53]], 5, 1, 3, 0]
["\u8ff7\u9014\u4e4b\u7075", [3, 0, 0], [0, 0, 0], "\u4f60\u53ef\u4ee5\u653e\u9010\u4e2d\u592e\u724c\u5806\u4e00\u5f20\u724c\uff0c\u4f60\u4e5f\u53ef\u4ee5\u4ece\u624b\u724c\u6216\u5f03\u724c\u5806\u653e\u9010\u4e00\u5f20\u724c", [[],[33]], 5, 1, 3, 2]
["\u897f\u884c\u5996", [6, 0, 0], [0, 0, 4], "\u5947\u8ff9\uff1a\u5728\u6bcf\u4e2a\u4e2d\u592e\u724c\u5806\u884d\u751f\u4e00\u5f20\u201c\u897f\u884c\u5996\u82b1\u74e3", [[],[],5], 5, 4, 1, 2]
next place:
["\u7231\u4e3d\u4e1d \u739b\u683c\u7279\u7f57\u4f9d\u5fb7", [0, 6, 0], [0, 0, 0], "\u62932\u5f20\u724c\uff0c\u5982\u679c\u4f60\u672c\u56de\u5408\u6253\u51fa\u4e86\u4eba\u95f4\u4e4b\u91cc\u724c\uff0c\u5219\u4f60\u53ef\u4ee5\u4ece\u624b\u724c\u6216\u5f03\u724c\u5806\u653e\u9010\u4e00\u5f20\u724c", [[4,32]], 6, 4, 1, 0]
["\u9b54\u6cd5\u4f7f", [0, 5, 0], [0, 0, 0], "\u62932\u5f20\u724c", [[4]], 6, 3, 2, 0]
["\u84ec\u83b1\u4eba\u5f62", [0, 3, 0], [0, 1, 0], "\u6293\u4e00\u5f20\u724c", [[3]], 6, 1, 1, 0]
["\u4e0a\u6d77\u4eba\u5f62", [0, 3, 0], [0, 0, 1], "\u6293\u4e00\u5f20\u724c", [[3]], 6, 1, 1, 0]
["\u77e2\u7530\u5bfa\u6210\u7f8e", [2, 4, 0], [1, 0, 0], "\u6293\u4e00\u5f20\u724c\n\u8fc2\u8fd4", [[3],3], 6, 4, 1, 0]
["\u96fe\u96e8\u9b54\u7406\u6c99", [0, 2, 1], [0, 0, 0], "\u83b7\u5f97\u89d2\u82723\uff08\u8d39\u7528\u4e0d\u9ad8\u4e8e3\u7684\u89d2\u8272\uff09/\u9000\u6cbb\u5996\u602a3", [[36]], 6, 1, 1, 0]
["\u516b\u5366\u7089", [0, 5, 0], [0, 0, 0], "\u6467\u6bc1\u6b64\u724c\uff1a\u7136\u540e\u4f60\u53ef\u4ee5\u4ece\u624b\u724c\u6216\u5f03\u724c\u5806\u653e\u9010\u4e00\u5f20\u724c\uff0c\u4e5f\u53ef\u4ee5\u653e\u9010\u4e2d\u592e\u724c\u5806\u9876\u4e00\u5f20\u5996\u602a\u724c", [[10,37]], 6, 3, 1, 1]
["\u6b4c\u5229\u4e9a\u4eba\u5f62", [0, 6, 0], [0, 1, 1], "", [[]], 6, 3, 1, 1]
["\u68ee\u6797\u6728\u5c4b", [0, 4, 0], [0, 0, 0], "\u6bcf\u56de\u5408\u4e00\u6b21\uff1a\u5f03\u4e00\u5f20\u724c\uff0c\u7136\u540e\u25ce\u25ce", [[31,1,1]], 6, 2, 2, 1]
["\u6076\u4f5c\u5267\u5996\u7cbe", [0, 0, 2], [0, 1, 0], "\u6355\u83b7:\u25ce", [[1]], 6, 1, 4, 2]
next place:
["\u6076\u9b3c", [0, 0, 5], [0, 0, 0], "\u6bcf\u4f4d\u5bf9\u624b\u9009\u62e9\u5176\u8bbe\u65bd\u533a\u5185\u7684\u4e00\u5f20\u8bbe\u65bd\uff0c\u7136\u540e\u6467\u6bc1\u5176\u4ed6\u8bbe\u65bd\uff0c\u82e5\u5176\u53ea\u6709\u4e00\u5f20\u8bbe\u65bd\uff0c\u5219\u76f4\u63a5\u6467\u6bc1\u4e4b", [[],[38]], 7, 3, 2, 2]
["\u67d3\u706b\u7684\u6028\u7075", [2, 0, 1], [0, 2, 0], "\u4f60\u7684\u9000\u6cbb\u533a\u6bcf\u6709\u4e00\u5f20\u201c\u67d3\u706b\u7684\u6028\u7075\u201d\uff0c\u4fbf\u518d\u25ce", [[],[39]], 7, 1, 4, 2]
["\u53e4\u660e\u5730\u89c9", [0, 3, 1], [0, 0, 0], "\u5c55\u793a\u6bcf\u4f4d\u73a9\u5bb6\u7684\u724c\u5806\u9876\uff0c\u5e76\u590d\u5236\u5176\u4e2d\u4e00\u5f20\u89d2\u8272\u724c\u7684\u6548\u679c\uff0c\u7136\u540e\u4f60\u53ef\u4ee5\u5c06\u88ab\u590d\u5236\u8005\u7f6e\u5165\u6240\u6709\u8005\u7684\u5f03\u724c\u5806", [[40]], 7, 2, 1, 0]
["\u53e4\u660e\u5730\u604b", [0, 0, 5], [0, 0, 1], "\u9009\u62e9\u4efb\u4e00\u4e2d\u592e\u724c\u5806\u9876\u4e00\u5f20\u724c:\u968f\u673a\u653e\u9010\u6b64\u5361\u4e0e\u8fd9\u5f20\u724c\u4e2d\u7684\u4e00\u5f20\uff0c\u53e6\u4e00\u5f20\u7f6e\u5165\u4f60\u7684\u5f03\u724c\u5806", [[41]], 7, 2, 1, 0]
["\u706b\u7130\u732b\u71d0", [0, 0, 3], [0, 0, 0], "\u9009\u62e9\u4f60\u7684\u5f03\u724c\u5806\u4e2d\u4e00\u5f20\u89d2\u8272\u724c\uff1a\u653e\u9010\uff0c\u6216\u5c06\u5b83\u653e\u7f6e\u5728\u724c\u5806\u9876", [[42]], 7, 2, 1, 0]
["\u7075\u4e4c\u8def\u7a7a", [0, 0, 6], [0, 0, 3], "\u4f60\u53ef\u4ee5\u4ece\u624b\u724c\u653e\u9010\u81f3\u591a2\u5f20\u724c\uff0c\u83b7\u5f97\u4e24\u500d\u653e\u9010\u6570\u91cf\u7684\u2668", [[43]], 7, 4, 1, 0]
["\u6028\u7075", [0, 3, 0], [0, 0, 0], "\u6293\u4e00\u5f20\u724c\n\u4f60\u53ef\u4ee5\u4ece\u624b\u724c\u6216\u5f03\u724c\u5806\u653e\u9010\u4e00\u5f20\u724c", [[3,6]], 7, 1, 3, 0]
["\u6838\u7194\u7089", [0, 8, 0], [0, 0, 0], "\u6bcf\u56de\u5408\u4e00\u6b21\uff1a\u4f60\u7684\u8bbe\u65bd\u533a\u6bcf\u6709\u4e00\u4e2a\u8bbe\u65bd\uff0c\u4fbf\u25ce", [[44]], 7, 6, 1, 1]
["\u6e29\u6cc9", [0, 5, 2], [0, 0, 3], "", [[]], 7, 5, 1, 1]
next place:
["\u8299\u5170\u6735\u9732 \u65af\u5361\u96f7\u7279", [0, 0, 4], [0, 0, 0], "\u83b7\u5f97\u8bbe\u65bd4/\u9000\u6cbb\u5996\u602a4\uff08\u8d39\u7528\u4e0d\u9ad8\u4e8e4\uff09\n\u514b\u5236", [[45],4], 8, 2, 1, 0]
["\u7ea2\u7f8e\u73b2", [0, 1, 2], [0, 0, 2], "\u5de7\u624b\uff1a\u6293\u4e00\u5f20\u724c", [[8,3]], 8, 1, 1, 0]
["\u857e\u7c73\u8389\u4e9a \u65af\u5361\u96f7\u7279", [0, 3, 4], [0, 0, 3], "\u672c\u56de\u5408\u6bcf\u6b21\u4f60\u9000\u6cbb\u5996\u602a\u65f6\uff0c\u53ef\u4ee5\u4ece\u4efb\u4e00\u4e2d\u592e\u724c\u5806\u9876\u83b7\u5f97\u4e00\u5f20\u724c\uff0c\u5176\u8d39\u7528\u4e0d\u9ad8\u4e8e\u88ab\u4f60\u9000\u6cbb\u7684\u5996\u602a\u7684\u8d39\u7528", [[9]], 8, 4, 1, 0]
["\u5e15\u79cb\u8389 \u8bfa\u96f7\u59ec", [0, 7, 0], [0, 0, 0], "\u62933\u5f20\u724c\n\u5de7\u624b\uff1a\u5c06\u4e00\u5f20\u4eba\u95f4\u4e4b\u91cc\u724c\u7f6e\u5165\u624b\u4e2d", [[5,46]], 8, 4, 1, 0]
["\u5341\u516d\u591c\u54b2\u591c", [0, 3, 2], [0, 0, 0], "\u4ea7\u51fa\u4e09\u70b9\u8d39\u7528\uff1a\u4e3a\u25ce\u4e0e\u2668\u7684\u4efb\u610f\u7ec4\u5408\n\u5de7\u624b\uff1a\u53ef\u4ee5\u653e\u9010\u6b64\u724c\uff0c\u7136\u540e\u5728\u672c\u56de\u5408\u7ed3\u675f\u540e\u8fdb\u884c\u4e00\u4e2a\u989d\u5916\u7684\u56de\u5408", [[47]], 8, 3, 1, 0]
["\u5c0f\u6076\u9b54", [0, 3, 0], [0, 0, 0], "\u4f60\u53ef\u4ee5\u4ece\u624b\u724c\u6216\u5f03\u724c\u5806\u653e\u9010\u4e00\u5f20\u724c\uff0c\u7136\u540e\u83b7\u5f97\u4e00\u5f20\u4eba\u95f4\u4e4b\u91cc\u724c", [[6,48]], 8, 1, 3, 0]
["\u5188\u683c\u5c3c\u5c14", [0, 0, 5], [0, 0, 0], "\u6467\u6bc1\u6b64\u724c\uff1a\u672c\u56de\u5408\u4f60\u53ef\u4ee5\u4ece\u653e\u9010\u533a\u9000\u6cbb\u4e00\u4e2a\u5996\u602a", [[49,10]], 8, 3, 1, 1]
["\u56fe\u4e66\u9986", [0, 6, 0], [0, 0, 0], "\u6bcf\u56de\u5408\uff1a\u25ce/\u2668\n\uff08\u6b64\u5361\u7684\u5206\u6570\u4e3a\u4f60\u62e5\u6709\u7684\u6240\u6709\u724c\u6570\uff08\u5305\u62ec\u9000\u6cbb\u533a\uff09\u9664\u4ee55\uff08\u5411\u4e0b\u53d6\u6574\uff09\uff09", [[52]], 8, 0, 1, 1]
["\u6d0b\u9986", [0, 5, 0], [0, 1, 0], "\u6bcf\u56de\u5408\u4f60\u9996\u6b21\u83b7\u5f97\u8bbe\u65bd\u724c\u65f6\u51cf\u5c11\u25ce\u6d88\u8017", [[],1], 8, 3, 2, 1]
["\u8d2a\u5403\u8001\u9f20", [0, 0, 3], [0, 2, 0], "\u6355\u83b7:\u4ece\u6bcf\u4f4d\u5bf9\u624b\u7684\u8bbe\u65bd\u533a\u6467\u6bc1\u4e00\u4e2a\u8bbe\u65bd", [[50]], 8, 1, 3, 2]
next place:
["\u591c\u8def\u7075\u89c6", [3, 0, 0], [0, 1, 0], "\u6355\u83b7:\u25ce", [[1]], 9, 1, 3, 2]
["\u6218\u6b7b\u4e4b\u7075", [3, 0, 0], [0, 0, 1], "\u6355\u83b7:\u2668", [[2]], 9, 1, 3, 2]
["\u62e6\u8def\u5c0f\u9b3c", [0, 3, 0], [1, 0, 0], "\u6355\u83b7:\u2605", [[0]], 9, 1, 3, 2]
["\u91ce\u72fc", [0, 3, 0], [0, 0, 1], "\u6355\u83b7:\u2668", [[2]], 9, 1, 3, 2]
["\u6bdb\u7389", [0, 0, 3], [0, 1, 0], "\u6355\u83b7:\u25ce", [[1]], 9, 1, 3, 2]
["\u95f2\u901b\u5c0f\u9b3c", [0, 0, 3], [1, 0, 0], "\u6355\u83b7:\u2605", [[0]], 9, 1, 3, 2]
["\u6bdb\u7389\u738b", [0, 0, 7], [0, 0, 0], "\u5956\u52b1\uff1a\u4f60\u53ef\u4ee5\u4ece\u4efb\u4e00\u724c\u5806\u83b7\u5f97\u4e00\u5f20\u724c\u6216\u8005\u9000\u6cbb\u4e00\u4e2a\u5996\u602a\n\u4e0d\u6bc1\uff08\u6b64\u5361\u4e0d\u80fd\u88ab\u653e\u9010\uff09", [[],[51]], 9, 4, 1, 2]
next place:
